63
57
61
63
59
62
53
56
60
58
66
63
60
59
58
62
65
58
61
63
59
57
61
66
60
60
61
58
61
61
59
50
61
65
66
62
57
60
65
67
64
59
64
67
61
-999
63
66
59
62
60
61
62
59
63
65
61
68
61
67
64
61
57
62
60
66
61
61
65
60
63
63
59
64
64
-999
57
60
63
62
66
65
61
-999
58
62
60
57
63
61
61
57
60
64
61
62
59
57
60
61
57
57
55
59
58
63
59
58
61
59
63
57
62
58
58
61
61
61
61
60
60
64
61
57
61
-999
59
65
61
56
63
59
59
56
59
60
-999
63
67
60
57
-999
57
65
58
63
59
57
59
61
64
55
63
-999
64
-999
56
60
59
57
57
60
67
-999
61
76