75
76
80
71
75
70
75
83
70
78
75
92
96
86
79
74
105
100
70
75
81
57
60
68
76
62
94
80
74
81
71
78
72
91
78
79
78
79
72
99
-999
90
65
77
80
85
86
83
71
83
70
76
75
84
79
87
84
68
71
78
85
79
79
92
70
80
94
69
80
75
80
80
90
92
68
90
89
91
85
105
84
96
74
-999
85
72
95
84
84
83
86
109
95
80
84
86
92
94
81
95
74
99
80
96
79
84
79
69
90
90
96
92
86
108
105
96
108
-999
82
82
76
113
84
81
97
-999
85
101
94
71
74
79
88
102
101
85
85
102
103
83
85
80
80
96
84
81
101
101
102
80
97
85
102
-999
87
80
93
118
104
80
78
85
103
81
99
76
