0.7631306
-1.303008632
-0.766532303
-0.44420108
-0.358513538
2.038818566
-1.416490785
-0.175285333
0.280430513
1.102251275
1.39976774
0.429265951
0.799159677
-0.068710877
-0.240526937
2.054181511
2.121070147
2.155116699
1.057957819
1.040857694
-0.184449326
2.094733691
3.279231321
0.281973066
0.433419884
0.191357167
0.715751354
1.975068655
0.155848179
0.494989061
-4.004168355
-0.482088235
1.679956626
2.039408234
-0.312408546
-1.348078026
-0.922220299
0.811900521
0.661917784
1.942559487
1.714308588
1.245506868
0.831855611
0.505006945
-0.146143985
0.254632546
1.254555396
2.129814253
-0.140383012
1.87635558
0.042954691
3.056466248
1.423678122
1.711439182
-0.423832338
-0.131882115
1.276443699
-1.025544811
1.92140166
1.117389873
0.73122045
1.777637813
0.537889277
0.118950148
-1.400698792
-0.396176076
-1.410610053
-0.851817715
0.505236993
-0.354220738
0.626834408
1.102173357
2.054189529
-1.691703631
-0.130102443
-1.554123245
-2.919127668
-0.662957345
-0.320396724
0.647782682
0.078279062
-2.310214056
1.848980529
-0.293473132
-0.317215593
-0.407823662
1.191049636
-1.753346004
1.371648754
-0.591606547
0.847881509
-1.2160255
-0.868835649
-1.068637554
-0.493593224
0.279692379
0.826981229
-1.19687142
-1.086677638
-0.140852378
-0.446920601
-0.986832458
-0.751069696
-0.637718897
-0.225149471
0.3786258
1.15643367
0.211228359
0.101345367
2.486666725
-1.479278258
-0.130175269
0.655212822
-0.067010737
0.236735949
-1.084156164
-1.622337269
-1.57988437
0.948347585
-1.671275894
-1.216700732
-2.986532909
0.950367351
-1.687567813
-0.578189284
-0.235121356
-1.328672373
-1.209218321
-0.05402919
-2.427620206
-0.897486378
-0.433935478
-2.146344063
-2.235659397
-2.54342198
-2.934890005
-1.731280259
-1.373269717
