-1.185246835
-1.080143886
-1.537309116
-1.851680855
-1.848123752
0.221107829
-2.264777842
-0.773531799
-1.451887843
-0.301311543
-0.187309377
0.243281107
1.145776642
-0.98718572
-0.934256259
0.136695633
0.098480908
0.196253638
-0.844624833
1.161454751
-1.953321745
-0.15400284
-0.47324982
-1.134910911
-1.144941051
-0.151962929
-0.420380869
0.08925052
-3.964055053
-1.381855058
0.008899874
1.012052402
-1.118179577
-1.137055377
-1.103221645
-0.321149215
0.00856999
-1.254742278
0.738419257
-0.335060248
0.235435743
-0.479139708
-0.194507022
-1.478449325
0.185756921
0.496900159
-1.324309874
1.502038141
-0.034942436
0.91603255
-0.832815126
0.707883988
-1.044316155
-0.631515225
1.556964731
-1.619928192
0.652042572
1.178941333
-0.483432076
1.417892454
-1.07957635
-0.930862894
-1.107735432
-0.513492136
-3.047755323
0.436756283
0.070178275
-0.540318748
1.014159811
2.06531296
1.854315797
-1.391547393
-0.184656014
-0.681561729
-1.726922021
-0.759934271
-0.70819434
1.164861341
2.768804555
0.340897387
1.456201232
0.52718387
-0.249784269
1.380259228
1.274177577
-0.871780399
1.130805496
-1.067237135
2.137603456
-0.413484138
-0.798817679
-1.806376196
-0.124870605
0.419092137
0.333363346
0.120471023
-0.465471016
0.693869106
1.299343244
0.611040841
2.219200726
-0.189511244
1.057488151
0.263650965
3.506486132
0.452306502
0.065865756
2.303002775
0.020019189
0.121816328
0.680838059
-0.204940573
1.6230254
1.706340861
-0.643189854
0.497260826
3.445272597
0.226876283
0.969151096
-0.833149648
2.135913848
0.269637389
0.49239467
1.822367551
1.158293737
-0.536227204
0.270237419
-0.807180877
1.78713172
0.656482538
0.046710592
1.133460346
0.770954331
-1.084619168
-1.823320499
-0.699663331
