-1.396046456
0.594766713
-0.094282117
-0.526068084
-0.458186898
-2.16372593
0.482974034
-0.25091853
-1.085229693
-1.308786715
-1.885406751
-0.565390241
-0.621688378
-0.48131468
-0.2869036
-2.348168184
-2.453717576
-2.314504499
-1.765262023
-0.899123517
-0.706139321
-2.354554493
-3.650088247
-1.112617793
-1.196272732
-0.727082345
-1.203206942
-0.949057804
2.207195584
-0.387234412
-1.875994168
-1.920333526
-0.461567566
0.613372033
0.166482016
-1.307836375
-1.113890178
-2.732762192
-1.767427535
-1.687627582
-1.17498832
-1.04845012
-0.33871474
-1.178881073
-1.576324312
-2.253454636
-0.640555353
-1.824899383
-0.547355177
-3.050804129
-1.937654142
-1.881556815
-0.395932394
-0.330304464
-1.080647396
0.056203107
-2.08751305
-1.08842089
-1.228165381
-1.706418121
-1.182599147
-0.764353941
0.821572629
-0.252897787
-0.137816834
0.592189995
-0.844248545
-0.259166396
-0.431157953
-0.76556138
-1.904623957
0.95511582
-0.365293525
0.992272571
2.70661326
-0.007925782
0.589073802
0.111258724
1.268635555
2.729526388
-0.981058743
0.933492103
0.830812299
1.228352307
0.046488267
1.79611277
-0.273201491
0.869687258
0.524120208
1.716991577
1.067690955
0.958567939
0.977296285
0.306302741
-0.117136612
1.512414281
1.226890672
0.72261422
1.189656641
1.815527653
1.903247354
0.943362423
1.014631171
0.272920045
0.402393337
0.412775822
0.404979299
-1.176104072
1.774415722
-0.049135053
-0.170324159
0.348360416
0.540461089
2.013200472
1.681497155
2.112850502
0.548851301
2.009099883
1.960302922
3.01093774
-0.54114814
2.316358517
0.932145465
1.287161095
2.140451172
1.248213375
-0.145718972
2.545404688
1.92276958
0.786435823
2.524767322
2.898065042
3.149407955
2.896074795
1.564555278
1.622562294
