156
319
125
189
156
162
243
252
156
203
168
319
310
175
208
180
78
156
144
156
300
261
189
138
224
240
168
189
200
250
243
184
261
130
306
224
217
162
252
81
270
234
168
416
180
-999
208
216
76
408
182
290
330
232
192
300
279
360
261
300
279
270
286
420
319
350
310
330
432
175
341
-999
290
189
161
-999
403
310
330
312
555
224
363
-999
319
385
216
250
240
192
312
364
312
279
330
210
364
276
280
200
300
297
182
168
225
250
299
396
200
286
336
300
341
182
392
253
406
330
290
420
280
352
300
310
352
-999
308
210
192
80
416
290
336
290
377
360
-999
286
416
364
442
-999
392
455
390
455
405
392
465
330
232
360
450
-999
308
-999
336
299
416
364
195
276
420
-999
132
-999
