319
125
189
156
162
243
252
156
203
168
319
310
175
180
78
156
144
156
300
261
138
240
200
250
243
184
261
130
224
252
81
270
234
416
180
-999
208
216
408
182
290
330
232
192
300
279
360
261
300
279
286
319
350
310
341
189
403
310
312
363
319
385
216
240
312
364
312
279
330
210
364
280
300
297
182
225
299
396
200
286
336
300
341
182
392
253
406
290
280
300
310
352
-999
308
416
290
336
290
377
360
-999
364
442
-999
392
455
390
455
405
392
465
330
232
450
-999
308
-999
336
299
416
364
195
276
420
-999
132
-999
