208
205
210
205
222
197
208
215
216
215
205
214
208
220
210
215
250
216
222
211
210
208
225
211
229
197
207
214
207
209
217
210
290
213
216
-999
213
205
209
212
213
209
205
277
216
210
215
210
213
223
211
202
212
217
199
212
215
212
214
204
201
216
206
213
218
222
210
220
213
200
224
207
201
222
213
210
208
213
211
214
-999
-999
205
214
212
214
212
207
213
212
212
219
-999
212
212
208
208
219
212
192
207
208
210
-999
206
212
206
211
214
206
-999
207
215
214
-999
209
-999
209
210
206
205
206
205
-999
-999
215
210
