214
208
205
210
205
222
197
208
215
216
215
205
214
208
214
220
210
215
250
216
222
211
220
210
209
208
211
216
225
211
229
197
207
214
217
207
213
216
209
217
210
290
213
213
216
-999
213
205
209
209
212
213
209
205
277
216
210
215
210
213
223
208
211
216
202
212
217
210
214
211
199
207
206
212
198
-999
215
212
205
214
215
224
204
-999
201
216
206
200
213
205
218
222
210
220
213
200
224
215
207
210
201
222
213
206
210
182
208
213
211
214
-999
-999
205
214
212
214
212
-999
207
211
213
220
212
212
219
-999
212
205
200
191
212
208
208
219
212
192
207
205
223
208
210
-999
206
212
206
211
214
206
-999
207
215
200
214
-999
209
-999
209
210
206
205
206
205
-999
-999
215
210
