-1.133158725
0.444278408
-0.262006579
-0.580417791
-0.449563662
-1.801047302
0.331007018
-0.242475126
-0.914693814
-1.011819655
-1.95016407
-0.687511931
-0.623930775
-0.530461283
-0.169749348
-2.084243126
-2.358733801
-2.098692915
-1.494701024
-0.723980755
-0.697152801
-2.111703924
-3.43828651
-1.068403083
-1.301492334
-0.702588944
-0.893603567
-0.795375704
1.994405224
-0.528301868
-1.689128526
-1.8192869
-0.647725293
0.509861958
0.148970594
-1.436264252
-0.993097918
-1.948407592
-2.533846782
-1.862048558
-1.507951317
-1.103781168
-1.290617548
0.180447311
-0.434423883
-1.094346561
-1.619752946
-2.37681576
-0.666441884
-2.65275199
-1.883429014
-0.675306997
-3.138863391
-1.952474249
-0.490994271
-0.344339294
-0.969916624
-0.170636597
-2.180247138
-0.969699054
-1.305940529
-1.748173491
-1.066425992
-1.009975541
0.727143042
-0.317319955
-0.317936474
0.481995848
-0.72570369
-0.352004447
-0.311933029
-1.002509648
-1.752757883
0.808435091
-0.442785612
0.831859304
2.446863014
-0.071776419
0.540717618
0.37286971
1.477318597
2.592860841
-0.848551942
0.930547094
0.699708036
1.388213575
0.287553573
1.732448392
-0.240884476
0.766182165
0.76241448
1.706671453
1.17636584
0.464947686
0.919693774
0.317360993
-0.034651007
1.600131335
1.079115208
0.91034522
1.17249824
1.876277248
1.80528539
0.881418766
0.925837237
0.35961687
0.399515702
0.500224944
0.544174127
-0.833776419
1.704785587
-0.140118192
3.029142676
2.386538397
-0.244007828
0.226767757
0.705576217
1.911354063
1.228589357
1.918783712
0.520727475
1.78051704
1.798259347
2.742702687
-0.748313126
2.114970501
0.749924426
1.293705576
2.00419035
1.069323454
-0.104330683
2.337308185
1.875563194
0.660363203
2.775273661
2.891009376
2.674082825
1.658387289
1.459667866
2.113637161
