-1.011537534
-0.860429358
-1.769130781
-1.894968552
-1.563180492
-0.226020299
-1.435583003
-0.519895057
-1.598797399
-0.240947805
-0.927487821
0.692145819
0.97825021
-1.084932459
-1.001647584
-0.282470962
-0.194300257
-0.056183095
-0.836849113
0.693746359
-1.801188108
-0.638531861
-0.326807251
-0.858299095
-1.160311731
-0.347288795
-0.318132357
-1.0484458
-3.224513603
-1.206840863
-0.207609831
0.883863226
-1.200827961
-1.582589703
-1.741959473
-0.414516692
-0.672181855
1.717541583
-1.136568463
0.951170882
-0.563058175
0.090253332
-0.59931574
-3.505221783
0.417581945
-1.481328407
0.001607309
0.522331312
-0.845228833
1.497337682
1.014971506
-0.131545684
0.688704706
0.535400676
-0.810440244
-0.535477248
1.925697443
-1.011136401
0.691475508
1.097468338
-0.284752835
1.640743735
-1.018109693
-0.092076821
-0.633168599
-0.808606663
-2.359517002
0.385181433
0.515517413
0.157515782
1.240819058
2.178317087
0.94333614
-0.522785025
-0.204747197
-0.667860293
-1.366299189
-0.941704052
-0.604385008
1.254378426
2.423609871
0.283342655
0.897344378
0.515645893
0.065130099
0.945418278
1.265718807
-0.548699802
0.794477239
-0.424074969
1.592794874
-0.413140419
-0.600490358
-0.569709348
0.022785532
0.597222924
0.165747382
0.169298163
0.037161118
0.50189404
1.519740863
0.400196515
2.232297437
0.071665308
1.253799042
0.228975851
2.764994137
0.616987284
0.366813994
2.486232512
-0.075608907
0.312914465
-1.633014315
-3.744097174
0.899030707
-0.22931733
1.238517849
1.616122667
0.191723887
0.614262342
2.704704858
0.26581596
1.146402564
-0.516084741
2.167259813
0.559351714
0.771016212
1.906919336
1.54493287
-0.327865291
0.053324851
-0.052788166
2.023738393
0.660992161
1.034963378
1.097058061
-0.657596801
-1.326669046
-0.52248622
-1.724320405
