52
51
53
50
55
56
54
55
49
57
48
55
56
54
55
47
42
44
46
43
56
52
55
49
41
48
43
46
-999
-999
45
42
47
54
56
48
53
52
50
47
48
43
42
50
47
42
47
50
48
44
43
46
48
45
48
46
44
49
48
48
50
43
52
48
46
45
47
48
46
50
47
45
56
46
42
44
48
44
45
57
52
45
47
-999
53
47
55
92
49
95
88
93
94
89
95
102
90
105
90
104
98
102
101
104
93
93
97
91
97
86
96
96
85
85
83
106
96
92
90
94
98
94
93
90
89
-999
89
59
94
100
82
86
89
80
94
86
-999
95
95
90
95
92
91
55
102
81
93
94
95
83
55
91
96
-999
82
93
92
91
94
91
91
96
58
88
81
81

