760
800
695
760
835
790
790
740
790
830
785
830
780
830
800
800
-999
745
850
750
850
850
740
745
780
665
755
770
770
830
740
835
750
760
790
845
825
810
710
760
850
890
740
820
885
825
845
765
835
960
780
755
805
810
760
730
765
740
725
710
710
730
760
705
765
815
730
825
745
815
710
695
760
820
-999
725
775
800
780
710
855
780
685
755
740
715
790
755
785
755
755
795
720
740
770
795
805
820
810
810
690
775
800
730
690
840
770
705
775
800
780
720
720
695
765
795
750
740
715
715
680
670
715
755
745
670
710
