705
760
800
695
760
835
790
790
740
790
830
785
830
780
745
830
800
800
-999
745
850
750
865
850
770
850
810
790
740
745
780
665
755
770
815
770
770
745
830
740
835
750
760
760
790
845
825
810
785
710
760
850
890
740
820
885
825
845
765
835
-999
745
780
785
755
805
810
800
830
780
760
820
680
730
690
760
765
740
730
725
800
850
710
645
710
730
760
700
705
760
765
815
730
825
745
815
710
800
695
855
760
820
-999
740
725
785
775
800
780
710
855
780
685
755
740
715
790
750
755
795
785
860
755
755
795
720
740
770
740
780
770
795
805
820
810
810
690
740
810
775
800
730
690
840
770
705
775
800
780
720
720
745
695
765
795
750
740
715
715
680
670
715
755
745
670
710
