79
64
56
61
70
79
72
71
70
81
56
72
68
62
69
75
67
71
60
79
72
68
74
83
74
66
67
83
74
69
56
61
64
72
75
58
54
54
65
61
58
66
78
71
72
-999
72
58
-999
74
70
67
69
72
70
65
64
67
82
68
74
67
68
83
68
69
75
70
77
73
72
-999
67
59
68
-999
63
80
76
76
67
65
70
-999
73
65
60
56
60
64
81
73
59
67
66
67
65
76
66
64
70
69
68
62
71
65
66
72
66
69
65
67
66
69
69
63
66
66
68
69
70
61
73
76
87
-999
61
68
-999
-999
70
61
-999
69
64
63
-999
60
60
59
65
-999
57
67
63
64
70
69
68
61
65
68
69
-999
65
-999
58
58
60
60
72
59
75
64
-999
-999
