14
13
13
15
14
12
14
15
14
14
15
15
15
16
14
14
19
21
16
13
12
15
13
16
14
13
13
12
17
15
14
13
14
16
14
15
13
13
13
14
13
14
16
17
15
-999
12
15
14
15
14
15
17
16
12
14
13
18
16
14
16
14
15
14
13
17
14
15
14
14
16
16
15
14
12
-999
14
15
13
16
15
14
-999
-999
13
14
12
13
14
15
12
12
10
15
14
13
14
17
12
17
16
15
12
14
13
16
14
14
17
12
14
17
15
15
16
13
12
14
13
13
14
14
14
15
17
-999
12
13
11
14
15
16
14
14
11
13
-999
12
13
11
12
-999
12
14
12
15
14
12
14
14
14
12
13
-999
11
-999
13
12
12
12
13
15
15
19
14
-999
